0414 1614 0.99998487211
1614 0414 0.99998487211
2012 2212 0.999965732349
2212 2012 0.999965732349
0811 1421 0.999950787436
1421 0811 0.999950787436
1834 2521 0.999948590702
2521 1834 0.999948590702
0726 1135 0.999942199113
1135 0726 0.999942199113
0423 0434 0.999940197562
0434 0423 0.999940197562
0332 1023 0.999939222248
1023 0332 0.999939222248
0314 1814 0.999938195127
1814 0314 0.999938195127
0321 0512 0.999931835794
0512 0321 0.999931835794
0712 2232 0.999926746817
2232 0712 0.999926746817
1531 2413 0.999916537991
2413 1531 0.999916537991
1614 1631 0.99991171712
1631 1614 0.99991171712
1412 1822 0.999908086833
1822 1412 0.999908086833
1111 1612 0.999901242166
1612 1111 0.999901242166
1434 1833 0.999901171439
1833 1434 0.999901171439
0333 1434 0.999900009377
1434 0333 0.999900009377
1724 1733 0.999896120232
1733 1724 0.999896120232
1524 2223 0.999893321239
2223 1524 0.999893321239
0334 0915 0.999891130031
0915 0334 0.999891130031
0421 1432 0.999883500744
1432 0421 0.999883500744
